23,1,27 Sep 2021,
23,2,28 Sep 2021,
23,3,29 Sep 2021,
23,4,30 Sep 2021,
23,5,1 Oct 2021,
23,6,4 Oct 2021,
23,7,5 Oct 2021,
23,8,6 Oct 2021,
23,9,7 Oct 2021,
23,10,8 Oct 2021,
23,11,11 Oct 2021,
23,12,11 Oct 2021,
23,13,12 Oct 2021,
23,14,12 Oct 2021,
23,15,13 Oct 2021,
23,16,18 Oct 2021,
23,17,18 Oct 2021,
23,18,19 Oct 2021,
23,19,19 Oct 2021,
23,20,20 Oct 2021,
23,21,20 Oct 2021,
23,22,21 Oct 2021,
23,23,21 Oct 2021,
23,24,22 Oct 2021,
23,25,22 Oct 2021,
23,26,25 Oct 2021,
23,27,25 Oct 2021,
23,28,26 Oct 2021,
23,29,26 Oct 2021,
23,30,27 Oct 2021,
23,31,27 Oct 2021,
23,32,28 Oct 2021,
23,33,28 Oct 2021,
23,34,29 Oct 2021,
23,35,29 Oct 2021,
23,36,1 Nov 2021,
23,37,1 Nov 2021,
23,38,2 Nov 2021,
23,39,2 Nov 2021,
23,40,3 Nov 2021,
23,41,3 Nov 2021,
23,42,4 Nov 2021,
23,43,4 Nov 2021,
23,44,5 Nov 2021,
23,45,5 Nov 2021,
23,46,8 Nov 2021,
23,47,8 Nov 2021,
23,48,9 Nov 2021,
23,49,9 Nov 2021,
23,50,10 Nov 2021,
23,51,10 Nov 2021,
23,52,11 Nov 2021,
23,53,11 Nov 2021,
23,54,12 Nov 2021,
23,55,12 Nov 2021,
23,56,15 Nov 2021,
23,57,15 Nov 2021,
23,58,16 Nov 2021,
23,59,16 Nov 2021,
23,60,17 Nov 2021,
23,61,17 Nov 2021,
23,62,18 Nov 2021,
23,63,18 Nov 2021,
23,64,19 Nov 2021,
23,65,19 Nov 2021,
23,66,22 Nov 2021,
23,67,22 Nov 2021,
23,68,23 Nov 2021,
23,69,23 Nov 2021,
23,70,24 Nov 2021,
23,71,24 Nov 2021,
23,72,29 Nov 2021,
23,73,24 Jan 2022,
23,74,24 Jan 2022,
23,75,25 Jan 2022,
23,76,25 Jan 2022,
23,77,26 Jan 2022,
23,78,26 Jan 2022,
23,79,1 Jan 2024,
23,81,1 Jan 2024,
23,82,1 Jan 2024,
23,83,31 Jan 2022,
23,84,31 Jan 2022,
23,85,1 Jan 2024,
23,86,1 Jan 2024,
23,101,14 Feb 2022,
23,102,14 Feb 2022,
23,103,15 Feb 2022,
23,104,14 Feb 2022,
23,105,16 Feb 2022,
23,106,16 Feb 2022,
23,107,17 Feb 2022,
23,108,17 Feb 2022,
23,109,18 Feb 2022,
23,110,18 Feb 2022,
23,111,1 Jan 2024,
23,112,1 Jan 2024,
23,113,22 Feb 2022,
23,114,22 Feb 2022,
23,115,23 Feb 2022,
23,116,23 Feb 2022,
23,117,24 Feb 2022,
23,118,24 Feb 2022,
23,119,25 Feb 2022,
23,120,25 Feb 2022,
23,121,28 Feb 2022,
23,122,28 Feb 2022,
23,123,1 Mar 2022,
23,124,1 Mar 2022,
23,125,2 Mar 2022,
23,126,18 Apr 2022,
23,127,18 Apr 2022,
23,128,19 Apr 2022,
23,129,19 Apr 2022,
23,130,20 Apr 2022,
23,132,20 Apr 2022,
23,133,21 Apr 2022,
23,134,21 Apr 2022,
23,135,25 Apr 2022,
23,136,25 Apr 2022,
23,137,26 Apr 2022,
23,138,26 Apr 2022,
23,139,26 Apr 2022,
23,140,27 Apr 2022,
23,141,28 Apr 2022,
23,142,28 Apr 2022,
23,143,29 Apr 2022,
23,144,29 Apr 2022,
23,145,2 May 2022,
23,146,2 May 2022,
23,147,3 May 2022,
23,148,3 May 2022,
23,149,4 May 2022,
23,150,4 May 2022,
23,151,5 May 2022,
23,152,5 May 2022,
23,153,6 May 2022,
23,154,6 May 2022,
23,155,9 May 2022,
23,156,9 May 2022,
23,157,10 May 2022,
23,158,10 May 2022,
23,159,11 May 2022,
23,160,10 May 2022,
23,161,12 May 2022,
23,162,12 May 2022,
23,163,13 May 2022,
23,164,13 May 2022,
23,165,16 May 2022,
23,166,16 May 2022,
23,167,17 May 2022,
23,168,17 May 2022,
23,169,18 May 2022,
23,170,17 May 2022,
23,171,19 May 2022,
23,172,19 May 2022,
23,173,20 May 2022,
23,174,20 May 2022,
23,175,23 May 2022,
23,176,20 May 2022,
23,177,24 May 2022,
23,178,24 May 2022,
23,179,25 May 2022,
23,180,25 May 2022,
23,181,2 Aug 2022,